0 untitled model
0 Name: 
0 Author: ben
1 503 -20 56 0 1 0 0 0 -1 0 0 0 -1 3943b.dat
0 STEP
1 0 -20 6 0 0 -1 0 -1 0 0 0 -0 -1 3749.dat
0 STEP
1 503 -20 0 0 -1 0 -0 0 1 -0 0 -0 -1 4032a.dat
0 STEP
1 0 -20 -8 0 -1 0 -0 0 1 -0 0 -0 -1 4285a.dat
0 STEP
1 0 -30 -16 0 -1 0 -0 0 1 -0 0 -0 -1 3021.dat
1 1 0 -24 20 -1 0 -0 0 1 -0 0 -0 -1 3795.dat
1 0 -40 -16 40 -1 0 -0 0 1 -0 0 -0 -1 3022.dat
1 0 -40 -24 -10 -1 0 -0 0 1 -0 0 -0 -1 3023.dat
1 0 -40 -24 50 -1 0 -0 0 1 -0 0 -0 -1 3023.dat
0 STEP
1 0 -40 -32 0 0 0 1 0 1 -0 -1 0 0 3795.dat
1 0 -40 -24 -50 -1 0 -0 0 1 -0 0 -0 -1 3839b.dat
1 1 -40 -40 -40 -1 0 -0 0 1 -0 0 -0 -1 3022.dat
1 1 -40 -48 -50 -1 0 -0 0 1 -0 0 -0 -1 3023.dat
1 1 -40 -48 -30 -1 0 -0 0 1 -0 0 -0 -1 3069b.dat
1 7 -40 -48 -70 1 -0 0 0 1 -0 0 0 1 4089.dat
1 0 -50 -58 -40 1 -0 0 0 0 1 -0 -1 0 2449.dat
1 0 -30 -58 -40 1 -0 0 0 0 1 -0 -1 0 2449.dat
1 0 -40 -58 -112 1 -0 0 0 -0 0.999999 -0 -0.999999 -0 3023.dat
1 0 -40 -58 -16 1 -0 0 -0 -0 0.999999 -0 -0.999999 -0 3039p34.dat
1 7 40 -32 30 1 -0 0 0 0.999999 0 -0 -0 0.999999 3794a.dat
1 7 40 -32 10 1 -0 0 0 0.999999 0 -0 -0 0.999999 3794a.dat
1 0 40 -40 20 -0 -0 0.999999 0 0.999999 0 -1 0 -0 3023.dat
1 7 40 -56 20 1 -0 0 0 0.999999 -0 -0 0 0.999999 4595.dat
1 0 58 -46 20 -0 -0.999999 -0 -0 -0 0.999999 -1 0 -0 3023.dat
1 0 66 -46 20 -0 -0.999999 -0 -0 -0 0.999999 -1 0 -0 3023.dat
1 0 74 -46 20 0 -0.999999 0 0 0 0.999999 -1 -0 -0 3069b.dat
1 46 40 -46 -16 -1 0 -0 0 0 -0.999999 0 -0.999999 -0 4073.dat
1 0 22 -46 20 -0 0.999999 -0 0 -0 -0.999999 -1 -0 -0 3069b.dat
1 0 40 -80 20 -1 0 0 0 0.999999 0 -0 0 -0.999999 2516.dat
1 0 40 -72 64 -0.707107 0 -0.707106 0.707107 -0 -0.707106 -0 -0.999999 -0 4588.dat
1 0 40 -84 30 0.707107 -0 0.707106 -0 -0.999999 -0 0.707107 0 -0.707106 4589.dat
1 4 40 -108 30 0.707107 -0 0.707106 -0 -0.999999 -0 0.707107 0 -0.707106 4073.dat
1 0 40 -72 -24 -0.707107 0 -0.707106 -0.707107 -0 0.707106 0 0.999999 0 3062b.dat
1 0 40 -72 -48 -0.707107 0 -0.707106 -0.707107 -0 0.707106 0 0.999999 0 3062b.dat
1 0 0 -48 20 -1 0 -0 0 0.999999 0 -0 0 -0.999999 3941.dat
1 0 0 -56 20 -1 0 -0 0 0.999999 0 -0 0 -0.999999 3068bp12.dat
1 0 -40 -56 50 -1 0 -0 0 0.999999 0 -0 0 -0.999999 3004.dat
1 7 -40 -88 50 -1 0 -0 0 0.999999 0 -0 0 -0.999999 2432.dat
1 0 -50 -40 -10 0.707106 0 -0.707106 0 0.999999 0 0.707106 -0 0.707106 4592c01.dat
1 0 -30 -40 -10 0.707106 -0 0.707106 0 0.999999 0 -0.707106 -0 0.707106 4592c01.dat
0 STEP